ID	Type	X	Y	Z	Speed	Ade	Qualuty(g)	Rate(g/ml)	Wait(ms)	Remakes	
0	Point	218.764	63.285	55.294	50000	0.1	5	5	0	0	
1	Dipensing	0	0	0	0	0	20	10	0	0	
2	Wait	0	0	0	0	0	0	0	100	0	
3	Dipensed	0	0	0	0	0	0	0	0	0	
4	Point	200	100	20	0	0	0	0	0	0	
5	Dipensing	0	0	0	0	0	10	5	0	0	
6	Line	218.764	92.330	55.294	50000	0.1	--	--	--	12	
7	Line	81.094	92.330	40.294	50000	0.01	--	--	--	12	
8	Line	81.094	67.770	55.294	50000	0.01	--	--	--	12	
9	Line	214.976	67.770	40	50000	0.001	--	--	--	11	
10	Dipensed	0	0	0	0	0	0	0	0	0	
11	Wait	0	0	0	0	0	0	0	1	0	
12	Point	40	40	40	40000	0	0	0	0	0	
13	Dipensing	50	70	20	40000	0	5	2	0	0	
14	Line	50.003	70	20	50000	0	0	0	700	0	
15	Arc_Mid	70.003	70.00	20	50000	1	--	--	--	11	
16	Arc_Target	50	90	20	50000	1	--	--	--	1	
17	Disabled	146.934	89.732	55	30000	1	--	--	1	11	
18	Disabled	214.976	67.77	55	30000	1	--	--	1	11	
19	Disabled	--	--	0	0	--	--	--	100	0	
20	Dipensed	65.407	15.423	27.444	50000	0.1	--	--	10	0	
21	ReDispensing	1	1	1	1	0	0	0	0	0	
22	Disabled	0	0	0	0	0	0	0	0	0	
