ID	Type	X	Y	Z	Speed	Ade	Qualuty(g)	Rate(g/ml)	Wait(ms)	Remakes	
0	Point	218.764	63.285	55.294	50000	0.1	5	5	0	0	
1	Dipensing	0	0	0	0	0	30	10	0	0	
2	ReDispensing	0	0	0	0	0	0	0	100	0	
3	Point	218.764	92.330	55.294	50000	0.1	--	--	--	12	
4	Dipensing	0	0	0	0	0	5	5	0	0	
5	Dipensed	0	0	0	0	0	0	0	0	0	
6	Point	81.094	67.770	55.294	50000	0.01	--	--	--	12	
7	Dipensing	214.976	67.770	40	50000	0.001	5	5	--	11	
8	Dipensed	0	0	0	0	0	0	0	0	0	
9	Wait	0	0	0	0	0	0	0	700	0	
10	Arc_Mid		146.934	89.732	55.294	50000	0.001	--	--	--	11	
11	Arc_Target	81.494	68.290	40	50000	0.001	--	--	--	1	
12	Wait	0	0	0	0	0	0	0	2000	0	
13	Arc_Mid	146.934	89.732	55.294	30000	0.001	--	--	--	11	
14	Arc_Target	214.976	67.77	20	30000	0	--	--	--	11	
15	Wait	--	--	--	--	--	--	--	100	0	
16	Point	65.407	15.423	27.444	50000	0.1	--	--	--	0	
